527 528 529 530 531 532 599 600 482 181 527 528 529 530 531 532 456
457 458 181 527 528 529 530 531 532 592 593 594 181 527 528 529 530
531 532 176 177 596 181 555 556 557 558 559 560 480 481 309 165 467
468 469 470 471 472 563 564 604 483 555 556 557 558 559 560 549 550
608 591 563 564 565 566 567 568 283 284 609 532 563 564 565 566 567
568 169 170 626 266 267 268 269 270 551 552 553 554 478 479 385 386
387 388 389 390 88 89 81 331 332 333 334 121 510 511 512 513 478 479
385 386 387 388 389 390 392 393 394 294 295 296 297 506 475 476 477
478 301 479 385 386 387 388 389 390 240 241 41 331 332 333 334 154
155 156 157 158 159 479 385 386 387 388 389 390 103 104 213 294 295
296 297 506 163 164 165 166 478 479 385 386 387 388 389 390 57 58 59
331 332 333 334 154 155 156 157 158 159 479 609 610 611 612 613 614
375 330 331 332 333 334 469 470 471 472 473 478 479 371 372 373 374
375 376 6 23 294 295 296 297 506 570 571 572 573 478 479 616 617 618
619 620 621 624 602 294 295 296 297 506 174 175 176 177 478 479 295
296 297 298 299 300 100 293 294 295 296 297 506 562 563 564 565 478
479 609 610 611 612 613 614 15 330 331 332 333 334 121 314 315 316
317 18 479 609 610 611 612 613 614 130 330 331 332 333 334 121 285
286 287 288 298 479 371 372 373 374 375 376 12 293 294 295 296 297
528 307 308 309 310 298 479 609 610 611 612 613 614 428 330 331 332 333 334 469 470 471 472 473
478 479 475 476 477 478 479 480 54 58 294 295 296 297 528 84 85 86
87 5 479 596 597 598 599 600 601 606 330 331 332 333 334 154 155 156
157 158 430 487 488 489 490 491 492 168 330 331 332 333 334 469 470
471 472 473 449 603 604 605 606 607 608 628 293 294 295 296 297 506
492 493 494 495 430 262 263 264 265 266 267 536 539 294 295 296 297
528 163 164 165 166 181 318 319 320 321 322 323 544 188 516 517 518
519 463 285 286 287 288 440 318 319 320 321 322 323 80 221 222 223
224 225 71 242 243 244 245 430 318 319 320 321 322 323 418 324 325
326 327 328 251 126 127 128 129 448 318 319 320 321 322 323 112 515
516 517 518 519 241 242 243 244 245 430 318 319 320 321 322 323 187
188 349 350 351 352 353 233 234 235 236 432 318 319 320 321 322 323
109 90 580 581 582 583 73 233 234 235 236 436 318 319 320 321 322
323 255 90 249 250 251 252 312 126 127 128 129 439 318 319 320 321
322 323 211 538 348 349 350 351 352 242 243 244 245 430 318 319 320
321 322 323 116 515 516 517 518 519 241 242 243 244 245 430 318 319
320 321 322 323 52 335 336 337 338 339 125 126 127 128 129 438 318
319 320 321 322 323 417 221 222 223 224 225 216 233 234 235 236 432
482 483 484 485 486 591 592 593 594 595 587 588 589 590 591 588 589
590 591 592 617 618 619 620 621 589 590 591 592 593 609 610 611 612
613 614 582 583 584 585 586 587 180 181 182 620 621 622 623 624 625
591 592 593 594 595 596 535 536 537 622 623 624 625 427 616 617 582
583 584 585 586 587 455 456 457 608 609 610 611 612 613 8 591 592
593 594 595 596 534 535 536 298 299 300 301 427 627 628 591 592 593
594 595 596 521 522 523 622 623 624 625 626 627 628 609 610 611 612 613 614 428 330 331 332 333 334 469 470 471 472 473
478 479 475 476 477 478 479 480 54 58 294 295 296 297 528 84 85 86
87 5 479 596 597 598 599 600 601 606 330 331 332 333 334 154 155 156
157 158 430 487 488 489 490 491 492 168 330 331 332 333 334 469 470
471 472 473 449 603 604 605 606 607 608 628 293 294 295 296 297 506
492 493 494 495 430 262 263 264 265 266 267 536 539 294 295 296 297
528 163 164 165 166 181 318 319 320 321 322 323 544 188 516 517 518
519 463 285 286 287 288 440 318 319 320 321 322 323 80 221 222 223
224 225 71 242 243 244 245 430 318 319 320 321 322 323 418 324 325
326 327 328 251 126 127 128 129 448 318 319 320 321 322 323 112 515
516 517 518 519 241 242 243 244 245 430 318 319 320 321 322 323 187
188 349 350 351 352 353 233 234 235 236 432 318 319 320 321 322 323
109 90 580 581 582 583 73 233 234 235 236 436 318 319 320 321 322
323 255 90 249 250 251 252 312 126 127 128 129 439 318 319 320 321
322 323 211 538 348 349 350 351 352 242 243 244 245 430 318 319 320
321 322 323 116 515 516 517 518 519 241 242 243 244 245 430 318 319
320 321 322 323 52 335 336 337 338 339 125 126 127 128 129 438 318
319 320 321 322 323 417 221 222 223 224 225 216 233 234 235 236 432
482 483 484 485 486 591 592 593 594 595 587 588 589 590 591 588 589
590 591 592 617 618 619 620 621 589 590 591 592 593 609 610 611 612
613 614 582 583 584 585 586 587 180 181 182 620 621 622 623 624 625
591 592 593 594 595 596 535 536 537 622 623 624 625 427 616 617 582
583 584 585 586 587 455 456 457 608 609 610 611 612 613 8 591 592
593 594 595 596 534 535 536 298 299 300 301 427 627 628 591 592 593
594 595 596 521 522 523 622 623 624 625 626 627 628